     31      32   -0.08737      -1
     31      37   -0.08737      -1
     32      33   -0.08737      -1
     32      35   -0.08737      -1
     33      34   -0.08737      -1
     33      38   -0.08737      -1
     34     212   -0.08737      -1
     35      36   -0.08737      -1
     36      37   -0.08737      -1
     36    1589   -0.08737      -1
     38      40   -0.08737      -1
     38      39   -0.08737      -1
     39    1543   -0.08737      -1
     40      41   -0.08737      -1
     41      42   -0.08737      -1
     41      47   -0.08737      -1
     42    1540   -0.08737      -1
     42    1531   -0.08737      -1
     47      49   -0.08737      -1
     47      48   -0.08737      -1
     48     193   -0.08737      -1
     49      50   -0.08737      -1
     50      51   -0.08737      -1
     50      55   -0.08737      -1
     51     190   -0.08737      -1
     55      57   -0.08737      -1
     55      56   -0.08737      -1
     56    1517   -0.08737      -1
     57      58   -0.08737      -1
     57      60   -0.08737      -1
     58      67   -0.08737      -1
     60      61   -0.08737      -1
     60    1595   -0.08737      -1
     60    1598   -0.08737      -1
     61      62   -0.08737      -1
     61      63   -0.08737      -1
     62      64   -0.08737      -1
     62    1601   -0.08737      -1
     62    1604   -0.08737      -1
     63      65   -0.08737      -1
     64      66   -0.08737      -1
     65      66   -0.08737      -1
     67      69   -0.08737      -1
     67      68   -0.08737      -1
     68     177   -0.08737      -1
     69      70   -0.08737      -1
     69      72   -0.08737      -1
     70      71   -0.08737      -1
     70      79   -0.08737      -1
     71     174   -0.08737      -1
     72      73   -0.08737      -1
     73      74   -0.08737      -1
     73      75   -0.08737      -1
     73    1607   -0.08737      -1
     74      76   -0.08737      -1
     74    1610   -0.08737      -1
     75      77   -0.08737      -1
     75    1613   -0.08737      -1
     75    1616   -0.08737      -1
     75    1619   -0.08737      -1
     76      78   -0.08737      -1
     77      78   -0.08737      -1
     77    1622   -0.08737      -1
     77    1625   -0.08737      -1
     77    1628   -0.08737      -1
     78    1631   -0.08737      -1
     78    1634   -0.08737      -1
     79      81   -0.08737      -1
     79      80   -0.08737      -1
     80    1501   -0.08737      -1
     81      82   -0.08737      -1
     81      84   -0.08737      -1
     82      83   -0.08737      -1
     82      88   -0.08737      -1
     83    1492   -0.08737      -1
     84      85   -0.08737      -1
     85      86   -0.08737      -1
     85      87   -0.08737      -1
     86     172   -0.08737      -1
     86     165   -0.08737      -1
     87     172   -0.08737      -1
     88      90   -0.08737      -1
     88      89   -0.08737      -1
     89     155   -0.08737      -1
     90      91   -0.08737      -1
     91      92   -0.08737      -1
     91      97   -0.08737      -1
     92     143   -0.08737      -1
     97      99   -0.08737      -1
     97      98   -0.08737      -1
     98    1477   -0.08737      -1
     99     100   -0.08737      -1
    100     101   -0.08737      -1
    100     103   -0.08737      -1
    101    1474   -0.08737      -1
    103     104   -0.08737      -1
    104     129   -0.08737      -1
    128     129   -0.08737      -1
    128     135   -0.08737      -1
    135     136   -0.08737      -1
    135     141   -0.08737      -1
    136     137   -0.08737      -1
    136     139   -0.08737      -1
    137     142   -0.08737      -1
    139     140   -0.08737      -1
    140     141   -0.08737      -1
    142     144   -0.08737      -1
    142     143   -0.08737      -1
    144     145   -0.08737      -1
    145     151   -0.08737      -1
    151     153   -0.08737      -1
    153     154   -0.08737      -1
    154     155   -0.08737      -1
    154     156   -0.08737      -1
    156     158   -0.08737      -1
    158     159   -0.08737      -1
    158     161   -0.08737      -1
    159     173   -0.08737      -1
    161     162   -0.08737      -1
    162     163   -0.08737      -1
    162    1600   -0.08737      -1
    163     164   -0.08737      -1
    164     166   -0.08737      -1
    164     165   -0.08737      -1
    166     170   -0.08737      -1
    170     172   -0.08737      -1
    173     175   -0.08737      -1
    173     174   -0.08737      -1
    175     176   -0.08737      -1
    175     178   -0.08737      -1
    176     177   -0.08737      -1
    176     181   -0.08737      -1
    178     179   -0.08737      -1
    179    1658   -0.08737      -1
    179    1661   -0.08737      -1
    181     183   -0.08737      -1
    183     184   -0.08737      -1
    184     185   -0.08737      -1
    184     189   -0.08737      -1
    185    1234   -0.08737      -1
    189     191   -0.08737      -1
    189     190   -0.08737      -1
    191     192   -0.08737      -1
    191     194   -0.08737      -1
    192     193   -0.08737      -1
    192     201   -0.08737      -1
    194     195   -0.08737      -1
    195     196   -0.08737      -1
    195     197   -0.08737      -1
    196     198   -0.08737      -1
    197     199   -0.08737      -1
    198     200   -0.08737      -1
    198    1660   -0.08737      -1
    199     200   -0.08737      -1
    199    1609   -0.08737      -1
    199    1618   -0.08737      -1
    199    1624   -0.08737      -1
    200    1615   -0.08737      -1
    200    1663   -0.08737      -1
    201     203   -0.08737      -1
    201     202   -0.08737      -1
    202    1216   -0.08737      -1
    203     204   -0.08737      -1
    204     205   -0.08737      -1
    204     211   -0.08737      -1
    205    1213   -0.08737      -1
    211     213   -0.08737      -1
    211     212   -0.08737      -1
    213     214   -0.08737      -1
    213     216   -0.08737      -1
    214     220   -0.08737      -1
    216     217   -0.08737      -1
    216    1591   -0.08737      -1
    217     218   -0.08737      -1
    217     219   -0.08737      -1
    218    1670   -0.08737      -1
    219    1673   -0.08737      -1
    219    1676   -0.08737      -1
    220     221   -0.08737      -1
    221    1199   -0.08737      -1
    263     264   -0.08737      -1
    263     268   -0.08737      -1
    264     298   -0.08737      -1
    268     269   -0.08737      -1
    268     274   -0.08737      -1
    269     270   -0.08737      -1
    269     272   -0.08737      -1
    270     271   -0.08737      -1
    270     275   -0.08737      -1
    271     304   -0.08737      -1
    272     273   -0.08737      -1
    273     274   -0.08737      -1
    275     277   -0.08737      -1
    277     278   -0.08737      -1
    278     279   -0.08737      -1
    278     288   -0.08737      -1
    279     314   -0.08737      -1
    288     290   -0.08737      -1
    288     289   -0.08737      -1
    289     808   -0.08737      -1
    290     291   -0.08737      -1
    290     293   -0.08737      -1
    291     292   -0.08737      -1
    291     297   -0.08737      -1
    292     325   -0.08737      -1
    293     296   -0.08737      -1
    293     294   -0.08737      -1
    294     295   -0.08737      -1
    295     808   -0.08737      -1
    296    1694   -0.08737      -1
    296    1697   -0.08737      -1
    296    1700   -0.08737      -1
    296    1703   -0.08737      -1
    297     299   -0.08737      -1
    297     298   -0.08737      -1
    299     300   -0.08737      -1
    300     301   -0.08737      -1
    300     303   -0.08737      -1
    301     337   -0.08737      -1
    303     305   -0.08737      -1
    303     304   -0.08737      -1
    305     306   -0.08737      -1
    305     308   -0.08737      -1
    306     307   -0.08737      -1
    306     313   -0.08737      -1
    307     354   -0.08737      -1
    308     309   -0.08737      -1
    309     310   -0.08737      -1
    310     311   -0.08737      -1
    310     312   -0.08737      -1
    311     352   -0.08737      -1
    311     345   -0.08737      -1
    312     352   -0.08737      -1
    313     315   -0.08737      -1
    313     314   -0.08737      -1
    315     316   -0.08737      -1
    316     317   -0.08737      -1
    316     324   -0.08737      -1
    317     360   -0.08737      -1
    324     326   -0.08737      -1
    324     325   -0.08737      -1
    326     327   -0.08737      -1
    326     329   -0.08737      -1
    327     336   -0.08737      -1
    329     330   -0.08737      -1
    329    1709   -0.08737      -1
    330     331   -0.08737      -1
    330     332   -0.08737      -1
    330    1712   -0.08737      -1
    331     333   -0.08737      -1
    331    1715   -0.08737      -1
    331    1718   -0.08737      -1
    331    1721   -0.08737      -1
    332     334   -0.08737      -1
    332    1672   -0.08737      -1
    332    1678   -0.08737      -1
    333     335   -0.08737      -1
    333    1724   -0.08737      -1
    333    1727   -0.08737      -1
    333    1730   -0.08737      -1
    334     335   -0.08737      -1
    335    1633   -0.08737      -1
    336     338   -0.08737      -1
    336     337   -0.08737      -1
    338     339   -0.08737      -1
    338     341   -0.08737      -1
    339     353   -0.08737      -1
    341     342   -0.08737      -1
    342     343   -0.08737      -1
    343     344   -0.08737      -1
    344     346   -0.08737      -1
    344     345   -0.08737      -1
    346     347   -0.08737      -1
    346     350   -0.08737      -1
    347     348   -0.08737      -1
    347     349   -0.08737      -1
    348     398   -0.08737      -1
    349    1526   -0.08737      -1
    350     351   -0.08737      -1
    350     352   -0.08737      -1
    351     398   -0.08737      -1
    351     399   -0.08737      -1
    353     355   -0.08737      -1
    353     354   -0.08737      -1
    355     356   -0.08737      -1
    356     359   -0.08737      -1
    359     361   -0.08737      -1
    359     360   -0.08737      -1
    361     362   -0.08737      -1
    361     364   -0.08737      -1
    362     363   -0.08737      -1
    363     436   -0.08737      -1
    364    1733   -0.08737      -1
    364    1736   -0.08737      -1
    397     398   -0.08737      -1
    397     399   -0.08737      -1
    435     437   -0.08737      -1
    435     436   -0.08737      -1
    437     438   -0.08737      -1
    437     440   -0.08737      -1
    438     439   -0.08737      -1
    438     449   -0.08737      -1
    439     468   -0.08737      -1
    440     441   -0.08737      -1
    440    1757   -0.08737      -1
    441     442   -0.08737      -1
    441     443   -0.08737      -1
    442     444   -0.08737      -1
    443     445   -0.08737      -1
    443    1738   -0.08737      -1
    444     446   -0.08737      -1
    444    1760   -0.08737      -1
    445     446   -0.08737      -1
    445    1723   -0.08737      -1
    445    1732   -0.08737      -1
    445    1735   -0.08737      -1
    449     451   -0.08737      -1
    451     452   -0.08737      -1
    451     454   -0.08737      -1
    452     462   -0.08737      -1
    454    1763   -0.08737      -1
    462     464   -0.08737      -1
    462     463   -0.08737      -1
    463    1486   -0.08737      -1
    464     465   -0.08737      -1
    465     467   -0.08737      -1
    467     469   -0.08737      -1
    467     468   -0.08737      -1
    469     470   -0.08737      -1
    470     471   -0.08737      -1
    470     475   -0.08737      -1
    471    1483   -0.08737      -1
    475     477   -0.08737      -1
    477     478   -0.08737      -1
    478     482   -0.08737      -1
    482     484   -0.08737      -1
    482     483   -0.08737      -1
    483    1468   -0.08737      -1
    484     487   -0.08737      -1
    487     488   -0.08737      -1
    488     489   -0.08737      -1
    488     490   -0.08737      -1
    489     491   -0.08737      -1
    490     492   -0.08737      -1
    491     493   -0.08737      -1
    491    1775   -0.08737      -1
    492     493   -0.08737      -1
    492    1778   -0.08737      -1
    492    1781   -0.08737      -1
    500     501   -0.20000     -21
    500     502   -0.20000     -21
    501     503   -0.20000     -21
    502     504   -0.20000     -21
    503     504   -0.20000     -21
    541     542   -0.20000     -16
    541     547   -0.20000     -16
    542     545   -0.20000     -16
    545     546   -0.20000     -16
    546     547   -0.20000     -16
    555     556   -0.08737      -1
    555     558   -0.08737      -1
    556     557   -0.08737      -1
    556     565   -0.08737      -1
    557    1069   -0.08737      -1
    558     559   -0.08737      -1
    559     560   -0.08737      -1
    559     561   -0.08737      -1
    559    1793   -0.08737      -1
    560     562   -0.08737      -1
    560    1799   -0.08737      -1
    561     563   -0.08737      -1
    561    1802   -0.08737      -1
    562     564   -0.08737      -1
    562    1811   -0.08737      -1
    563     564   -0.08737      -1
    563    1814   -0.08737      -1
    564    1817   -0.08737      -1
    565     567   -0.08737      -1
    567     568   -0.08737      -1
    567     570   -0.08737      -1
    568     574   -0.08737      -1
    570     571   -0.08737      -1
    570    1820   -0.08737      -1
    571     572   -0.08737      -1
    571    1823   -0.08737      -1
    571    1795   -0.08737      -1
    571    1801   -0.08737      -1
    571    1804   -0.08737      -1
    571    1813   -0.08737      -1
    571    1816   -0.08737      -1
    571    1819   -0.08737      -1
    572    1826   -0.08737      -1
    572    1829   -0.08737      -1
    574     576   -0.08737      -1
    574     575   -0.08737      -1
    575    1056   -0.08737      -1
    576     577   -0.08737      -1
    577     578   -0.08737      -1
    577     581   -0.08737      -1
    578    1053   -0.08737      -1
    581     583   -0.08737      -1
    583     584   -0.08737      -1
    583     586   -0.08737      -1
    584     593   -0.08737      -1
    586    1831   -0.08737      -1
    593     594   -0.08737      -1
    594    1032   -0.08737      -1
    656     657   -0.20000     -20
    656     658   -0.20000     -20
    657     659   -0.20000     -20
    658     660   -0.20000     -20
    659     660   -0.20000     -20
    870     871   -0.20000     -19
    870     873   -0.20000     -19
    871     874   -0.20000     -19
    873     875   -0.20000     -19
    874     875   -0.20000     -19
    890     891   -0.20000     -14
    890     896   -0.20000     -14
    891     894   -0.20000     -14
    894     895   -0.20000     -14
    895     896   -0.20000     -14
    897     899   -0.08737      -1
    897     898   -0.08737      -1
    898    1065   -0.08737      -1
    899     900   -0.08737      -1
    900     901   -0.08737      -1
    900     902   -0.08737      -1
    901    1226   -0.08737      -1
    902     904   -0.08737      -1
    904     905   -0.08737      -1
    905     906   -0.08737      -1
    905     911   -0.08737      -1
    906    1062   -0.08737      -1
    911     913   -0.08737      -1
    911     912   -0.08737      -1
    912    1211   -0.08737      -1
    913     914   -0.08737      -1
    913     916   -0.08737      -1
    914     915   -0.08737      -1
    914     920   -0.08737      -1
    915    1196   -0.08737      -1
    916     917   -0.08737      -1
    917     918   -0.08737      -1
    917     919   -0.08737      -1
    917    1883   -0.08737      -1
    917    1886   -0.08737      -1
    918    1889   -0.08737      -1
    918    1892   -0.08737      -1
    919    1895   -0.08737      -1
    919    1898   -0.08737      -1
    919    1675   -0.08737      -1
    920     922   -0.08737      -1
    920     921   -0.08737      -1
    921    1044   -0.08737      -1
    922     923   -0.08737      -1
    923     924   -0.08737      -1
    923     928   -0.08737      -1
    924    1041   -0.08737      -1
    928     930   -0.08737      -1
    928     929   -0.08737      -1
    929    1183   -0.08737      -1
    930     933   -0.08737      -1
    933     934   -0.08737      -1
    934     935   -0.08737      -1
    934    1901   -0.08737      -1
    934    1904   -0.08737      -1
    934    1699   -0.08737      -1
    935    1907   -0.08737      -1
    935    1910   -0.08737      -1
    965     966   -0.20000     -13
    965     971   -0.20000     -13
    966     969   -0.20000     -13
    969     970   -0.20000     -13
    970     971   -0.20000     -13
   1030    1031   -0.08737      -1
   1030    1033   -0.08737      -1
   1031    1032   -0.08737      -1
   1031    1040   -0.08737      -1
   1033    1034   -0.08737      -1
   1034    1035   -0.08737      -1
   1034    1036   -0.08737      -1
   1034    1729   -0.08737      -1
   1035    1037   -0.08737      -1
   1035    1726   -0.08737      -1
   1036    1038   -0.08737      -1
   1036    1894   -0.08737      -1
   1037    1039   -0.08737      -1
   1037    1762   -0.08737      -1
   1038    1039   -0.08737      -1
   1038    1783   -0.08737      -1
   1039    1627   -0.08737      -1
   1040    1042   -0.08737      -1
   1040    1041   -0.08737      -1
   1042    1043   -0.08737      -1
   1042    1045   -0.08737      -1
   1043    1044   -0.08737      -1
   1043    1052   -0.08737      -1
   1045    1046   -0.08737      -1
   1045    1828   -0.08737      -1
   1046    1047   -0.08737      -1
   1046    1048   -0.08737      -1
   1047    1049   -0.08737      -1
   1048    1050   -0.08737      -1
   1048    1916   -0.08737      -1
   1048    1822   -0.08737      -1
   1048    1825   -0.08737      -1
   1049    1051   -0.08737      -1
   1050    1051   -0.08737      -1
   1050    1922   -0.08737      -1
   1052    1054   -0.08737      -1
   1052    1053   -0.08737      -1
   1054    1055   -0.08737      -1
   1054    1057   -0.08737      -1
   1055    1056   -0.08737      -1
   1055    1061   -0.08737      -1
   1057    1058   -0.08737      -1
   1058    1060   -0.08737      -1
   1058    1891   -0.08737      -1
   1060    1780   -0.08737      -1
   1061    1063   -0.08737      -1
   1061    1062   -0.08737      -1
   1063    1064   -0.08737      -1
   1063    1066   -0.08737      -1
   1064    1065   -0.08737      -1
   1064    1068   -0.08737      -1
   1066    1067   -0.08737      -1
   1067    1918   -0.08737      -1
   1067    1924   -0.08737      -1
   1068    1069   -0.08737      -1
   1121    1122   -0.20000      -5
   1121    1123   -0.20000      -5
   1122    1124   -0.20000      -5
   1123    1126   -0.20000      -5
   1123    1127   -0.20000      -5
   1124    1126   -0.20000      -5
   1126    1128   -0.20000      -5
   1127    1129   -0.20000      -5
   1128    1130   -0.20000      -5
   1129    1130   -0.20000      -5
   1173    1174   -0.20000     -18
   1173    1176   -0.20000     -18
   1174    1177   -0.20000     -18
   1176    1178   -0.20000     -18
   1177    1178   -0.20000     -18
   1182    1183   -0.08737      -1
   1182    1187   -0.08737      -1
   1187    1189   -0.08737      -1
   1189    1190   -0.08737      -1
   1190    1195   -0.08737      -1
   1195    1197   -0.08737      -1
   1195    1196   -0.08737      -1
   1197    1198   -0.08737      -1
   1197    1200   -0.08737      -1
   1198    1199   -0.08737      -1
   1198    1207   -0.08737      -1
   1200    1201   -0.08737      -1
   1200    1696   -0.08737      -1
   1201    1202   -0.08737      -1
   1201    1203   -0.08737      -1
   1201    1705   -0.08737      -1
   1202    1204   -0.08737      -1
   1202    1702   -0.08737      -1
   1202    1906   -0.08737      -1
   1203    1205   -0.08737      -1
   1204    1206   -0.08737      -1
   1204    1903   -0.08737      -1
   1204    1912   -0.08737      -1
   1205    1206   -0.08737      -1
   1205    1711   -0.08737      -1
   1205    1714   -0.08737      -1
   1205    1720   -0.08737      -1
   1205    1888   -0.08737      -1
   1205    1900   -0.08737      -1
   1206    1717   -0.08737      -1
   1206    1885   -0.08737      -1
   1206    1897   -0.08737      -1
   1206    1909   -0.08737      -1
   1207    1209   -0.08737      -1
   1209    1210   -0.08737      -1
   1210    1211   -0.08737      -1
   1210    1212   -0.08737      -1
   1212    1214   -0.08737      -1
   1212    1213   -0.08737      -1
   1214    1215   -0.08737      -1
   1215    1216   -0.08737      -1
   1215    1225   -0.08737      -1
   1225    1227   -0.08737      -1
   1225    1226   -0.08737      -1
   1227    1228   -0.08737      -1
   1228    1233   -0.08737      -1
   1233    1234   -0.08737      -1
   1467    1468   -0.08737      -1
   1467    1473   -0.08737      -1
   1473    1475   -0.08737      -1
   1473    1474   -0.08737      -1
   1475    1476   -0.08737      -1
   1476    1477   -0.08737      -1
   1476    1482   -0.08737      -1
   1482    1484   -0.08737      -1
   1482    1483   -0.08737      -1
   1484    1485   -0.08737      -1
   1484    1487   -0.08737      -1
   1485    1486   -0.08737      -1
   1485    1491   -0.08737      -1
   1487    1488   -0.08737      -1
   1487    1489   -0.08737      -1
   1488    1490   -0.08737      -1
   1488    1777   -0.08737      -1
   1489    1943   -0.08737      -1
   1489    1946   -0.08737      -1
   1490    1621   -0.08737      -1
   1490    1630   -0.08737      -1
   1490    1636   -0.08737      -1
   1490    1759   -0.08737      -1
   1491    1493   -0.08737      -1
   1491    1492   -0.08737      -1
   1493    1494   -0.08737      -1
   1494    1497   -0.08737      -1
   1497    1499   -0.08737      -1
   1499    1500   -0.08737      -1
   1500    1501   -0.08737      -1
   1500    1506   -0.08737      -1
   1506    1508   -0.08737      -1
   1508    1509   -0.08737      -1
   1508    1511   -0.08737      -1
   1509    1513   -0.08737      -1
   1511    1512   -0.08737      -1
   1511    1612   -0.08737      -1
   1511    1945   -0.08737      -1
   1512    1765   -0.08737      -1
   1512    1948   -0.08737      -1
   1513    1515   -0.08737      -1
   1515    1516   -0.08737      -1
   1516    1517   -0.08737      -1
   1516    1518   -0.08737      -1
   1518    1520   -0.08737      -1
   1520    1521   -0.08737      -1
   1520    1523   -0.08737      -1
   1521    1530   -0.08737      -1
   1523    1524   -0.08737      -1
   1524    1525   -0.08737      -1
   1525    1526   -0.08737      -1
   1525    1527   -0.08737      -1
   1527    1529   -0.08737      -1
   1529    1543   -0.08737      -1
   1530    1532   -0.08737      -1
   1530    1531   -0.08737      -1
   1532    1533   -0.08737      -1
   1532    1535   -0.08737      -1
   1533    1539   -0.08737      -1
   1535    1536   -0.08737      -1
   1536    1537   -0.08737      -1
   1536    1538   -0.08737      -1
   1536    1603   -0.08737      -1
   1537    1597   -0.08737      -1
   1538    1606   -0.08737      -1
   1539    1541   -0.08737      -1
   1539    1540   -0.08737      -1
   1541    1542   -0.08737      -1
   1542    1543   -0.08737      -1
   1589    1590   -0.08737      -1
   1590    1591   -0.08737      -1
   1595    1596   -0.08737      -1
   1596    1597   -0.08737      -1
   1598    1599   -0.08737      -1
   1599    1600   -0.08737      -1
   1601    1602   -0.08737      -1
   1602    1603   -0.08737      -1
   1604    1605   -0.08737      -1
   1605    1606   -0.08737      -1
   1607    1608   -0.08737      -1
   1608    1609   -0.08737      -1
   1610    1611   -0.08737      -1
   1611    1612   -0.08737      -1
   1613    1614   -0.08737      -1
   1614    1615   -0.08737      -1
   1616    1617   -0.08737      -1
   1617    1618   -0.08737      -1
   1619    1620   -0.08737      -1
   1620    1621   -0.08737      -1
   1622    1623   -0.08737      -1
   1623    1624   -0.08737      -1
   1625    1626   -0.08737      -1
   1626    1627   -0.08737      -1
   1628    1629   -0.08737      -1
   1629    1630   -0.08737      -1
   1631    1632   -0.08737      -1
   1632    1633   -0.08737      -1
   1634    1635   -0.08737      -1
   1635    1636   -0.08737      -1
   1658    1659   -0.08737      -1
   1659    1660   -0.08737      -1
   1661    1662   -0.08737      -1
   1662    1663   -0.08737      -1
   1670    1671   -0.08737      -1
   1671    1672   -0.08737      -1
   1673    1674   -0.08737      -1
   1674    1675   -0.08737      -1
   1676    1677   -0.08737      -1
   1677    1678   -0.08737      -1
   1694    1695   -0.08737      -1
   1695    1696   -0.08737      -1
   1697    1698   -0.08737      -1
   1698    1699   -0.08737      -1
   1700    1701   -0.08737      -1
   1701    1702   -0.08737      -1
   1703    1704   -0.08737      -1
   1704    1705   -0.08737      -1
   1709    1710   -0.08737      -1
   1710    1711   -0.08737      -1
   1712    1713   -0.08737      -1
   1713    1714   -0.08737      -1
   1715    1716   -0.08737      -1
   1716    1717   -0.08737      -1
   1718    1719   -0.08737      -1
   1719    1720   -0.08737      -1
   1721    1722   -0.08737      -1
   1722    1723   -0.08737      -1
   1724    1725   -0.08737      -1
   1725    1726   -0.08737      -1
   1727    1728   -0.08737      -1
   1728    1729   -0.08737      -1
   1730    1731   -0.08737      -1
   1731    1732   -0.08737      -1
   1733    1734   -0.08737      -1
   1734    1735   -0.08737      -1
   1736    1737   -0.08737      -1
   1737    1738   -0.08737      -1
   1757    1758   -0.08737      -1
   1758    1759   -0.08737      -1
   1760    1761   -0.08737      -1
   1761    1762   -0.08737      -1
   1763    1764   -0.08737      -1
   1764    1765   -0.08737      -1
   1775    1776   -0.08737      -1
   1776    1777   -0.08737      -1
   1778    1779   -0.08737      -1
   1779    1780   -0.08737      -1
   1781    1782   -0.08737      -1
   1782    1783   -0.08737      -1
   1793    1794   -0.08737      -1
   1794    1795   -0.08737      -1
   1799    1800   -0.08737      -1
   1800    1801   -0.08737      -1
   1802    1803   -0.08737      -1
   1803    1804   -0.08737      -1
   1811    1812   -0.08737      -1
   1812    1813   -0.08737      -1
   1814    1815   -0.08737      -1
   1815    1816   -0.08737      -1
   1817    1818   -0.08737      -1
   1818    1819   -0.08737      -1
   1820    1821   -0.08737      -1
   1821    1822   -0.08737      -1
   1823    1824   -0.08737      -1
   1824    1825   -0.08737      -1
   1826    1827   -0.08737      -1
   1827    1828   -0.08737      -1
   1829    1830   -0.08737      -1
   1830    1831   -0.08737      -1
   1883    1884   -0.08737      -1
   1884    1885   -0.08737      -1
   1886    1887   -0.08737      -1
   1887    1888   -0.08737      -1
   1889    1890   -0.08737      -1
   1890    1891   -0.08737      -1
   1892    1893   -0.08737      -1
   1893    1894   -0.08737      -1
   1895    1896   -0.08737      -1
   1896    1897   -0.08737      -1
   1898    1899   -0.08737      -1
   1899    1900   -0.08737      -1
   1901    1902   -0.08737      -1
   1902    1903   -0.08737      -1
   1904    1905   -0.08737      -1
   1905    1906   -0.08737      -1
   1907    1908   -0.08737      -1
   1908    1909   -0.08737      -1
   1910    1911   -0.08737      -1
   1911    1912   -0.08737      -1
   1916    1917   -0.08737      -1
   1917    1918   -0.08737      -1
   1922    1923   -0.08737      -1
   1923    1924   -0.08737      -1
   1943    1944   -0.08737      -1
   1944    1945   -0.08737      -1
   1946    1947   -0.08737      -1
   1947    1948   -0.08737      -1
      1       5    1.00000       0
      5       6    0.11569       1
      5       8    0.11569       1
      8       9    0.11569       1
      9      10    0.11569       1
     10      11    0.11569       1
     11    1586    0.11569       1
     12      14    0.11569       1
     14      15    0.11569       1
     14      17    1.00000       0
     20      22    0.11569       1
     22      23    0.11569       1
     22      25    1.00000       0
     25      26    1.00000       0
     26      28    1.00000       0
     40      43    0.11569       1
     43      46    0.11569       1
     43      44    0.11569       1
     44    1245    0.11569       1
     46    1592    0.11569       1
     49      52    1.00000       0
     90      93    0.11569       1
     93      94    0.11569       1
     93      95    0.11569       1
     94      96    0.11569       1
     95    1637    0.11569       1
     96    1640    0.11569       1
    103     105    0.11569       1
    105     106    0.11569       1
    105     108    0.11569       1
    108     109    0.11569       1
    108     110    0.11569       1
    109    1643    0.11569       1
    109    1646    0.11569       1
    109    1649    0.11569       1
    110    1652    0.11569       1
    110    1655    0.11569       1
    111     113    0.11569       1
    111     112    0.11569       1
    112    1455    0.11569       1
    113     114    0.11569       1
    113     116    1.00000       0
    116     117    1.00000       0
    120     122    0.11569       1
    122     123    0.11569       1
    125     127    0.11569       1
    127     128    0.11569       1
    127     130    1.00000       0
    130     131    1.00000       0
    131     132    1.00000       0
    144     147    0.11569       1
    147     148    0.11569       1
    148     150    0.11569       1
    150    1654    0.11569       1
    178     180    0.11569       1
    180    1664    0.11569       1
    180    1667    0.11569       1
    181     182    0.11569       1
    182    1250    0.11569       1
    183     186    1.00000       0
    186     187    1.00000       0
    203     206    1.00000       0
    206     207    1.00000       0
    207     208    1.00000       0
    220     222    0.11569       1
    222     223    0.11569       1
    222     225    0.11569       1
    223     224    0.11569       1
    224     261    0.11569       1
    225     226    0.11569       1
    228    1679    0.11569       1
    231    1682    0.11569       1
    231    1685    0.11569       1
    232     234    0.11569       1
    234     235    0.11569       1
    234     237    0.11569       1
    237    1588    0.11569       1
    238     240    0.11569       1
    240     241    0.11569       1
    240     243    1.00000       0
    243     244    1.00000       0
    247     249    0.11569       1
    249     250    0.11569       1
    249     252    1.00000       0
    250     251    0.11569       1
    251     819    0.11569       1
    252     253    1.00000       0
    253     254    1.00000       0
    254     255    1.00000       0
    255     256    1.00000       0
    260     262    0.11569       1
    260     261    0.11569       1
    262     263    0.11569       1
    262     265    0.11569       1
    265     267    0.11569       1
    267    1688    0.11569       1
    277     280    0.11569       1
    280     281    0.11569       1
    281     282    1.00000       0
    281    1691    0.11569       1
    282     283    1.00000       0
    283     284    1.00000       0
    315     318    0.11569       1
    318     319    0.11569       1
    318    1706    0.11569       1
    319     320    0.11569       1
    319     321    0.11569       1
    320     719    0.11569       1
    321     322    0.11569       1
    322    1007    0.11569       1
    364     365    0.11569       1
    365     367    0.11569       1
    367    1739    0.11569       1
    367    1742    0.11569       1
    367    1745    0.11569       1
    392     393    0.11569       1
    400     402    0.11569       1
    402     403    0.11569       1
    402     405    1.00000       0
    405     406    1.00000       0
    406     407    1.00000       0
    407     408    1.00000       0
    408     409    1.00000       0
    413     415    0.11569       1
    415     416    0.11569       1
    418     420    0.11569       1
    420     421    0.11569       1
    420     423    0.11569       1
    423     424    0.11569       1
    425    1751    0.11569       1
    425    1754    0.11569       1
    425    1747    0.11569       1
    427    1744    0.11569       1
    430     432    0.11569       1
    432     433    0.11569       1
    454     455    0.14286       2
    455     456    0.14286       2
    456     457    0.14286       2
    457     458    0.14286       2
    458     459    0.14286       2
    459    1495    0.14286       2
    469     472    1.00000       0
    472     473    1.00000       0
    477     480    1.00000       0
    484     485    0.11569       1
    491    1642    0.11569       1
    494     496    0.11569       1
    496     497    0.11569       1
    496     499    1.00000       0
    499     500    1.00000       0
    506     508    0.11569       1
    508     509    0.11569       1
    508     511    0.11569       1
    509     510    0.11569       1
    510     582    0.11569       1
    511     512    0.11569       1
    512     513    0.11569       1
    513     514    0.11569       1
    517     519    0.11569       1
    519     589    0.11569       1
    523     525    0.11569       1
    523     524    0.11569       1
    524    1407    0.11569       1
    525     526    0.11569       1
    525     528    0.11569       1
    526     527    0.11569       1
    527    1368    0.11569       1
    528     529    0.11569       1
    528     530    0.11569       1
    529     531    0.11569       1
    529    1784    0.11569       1
    530    1787    0.11569       1
    531    1790    0.11569       1
    532     534    0.11569       1
    532     533    0.11569       1
    533     569    0.11569       1
    534     535    0.11569       1
    534     537    1.00000       0
    537     538    1.00000       0
    542     543    0.11569       1
    548     550    0.11569       1
    548     549    0.11569       1
    549    1332    0.11569       1
    550     551    0.11569       1
    553     555    0.11569       1
    560    1796    0.11569       1
    562    1805    0.11569       1
    562    1808    0.11569       1
    568     569    0.11569       1
    576     579    0.11569       1
    579     580    0.11569       1
    580    1789    0.11569       1
    581     582    0.11569       1
    586     587    0.11569       1
    587     588    0.11569       1
    588     589    0.11569       1
    588     590    1.00000       0
    598     600    0.11569       1
    600     601    0.11569       1
    601     602    0.11569       1
    602    1015    0.11569       1
    603     605    0.11569       1
    605     606    0.11569       1
    605     608    0.11569       1
    608     609    0.11569       1
    609     610    0.11569       1
    609     611    0.11569       1
    610     634    0.11569       1
    611     688    0.11569       1
    612     614    0.11569       1
    614     615    0.11569       1
    614     617    0.11569       1
    617     618    0.11569       1
    619    1832    0.11569       1
    621    1835    0.11569       1
    621    1756    0.11569       1
    622    1741    0.11569       1
    623    1838    0.11569       1
    623    1753    0.11569       1
    624     626    0.11569       1
    626     627    0.11569       1
    626     629    0.11569       1
    629     632    0.11569       1
    629     630    0.11569       1
    630     693    0.11569       1
    632    1834    0.11569       1
    632    1837    0.11569       1
    633     635    0.11569       1
    633     634    0.11569       1
    635     636    0.11569       1
    635     638    1.00000       0
    638     639    1.00000       0
    639     640    1.00000       0
    640     641    1.00000       0
    650     652    0.11569       1
    652     653    0.11569       1
    652     655    1.00000       0
    655     656    1.00000       0
    662     664    0.11569       1
    664     665    0.11569       1
    664     667    0.11569       1
    667     668    0.11569       1
    668     669    0.11569       1
    668     670    1.00000       0
    669     679    0.11569       1
    673     675    0.11569       1
    675     676    0.11569       1
    678     680    0.11569       1
    678     679    0.11569       1
    680     681    0.11569       1
    680     683    1.00000       0
    683     684    1.00000       0
    687     689    0.11569       1
    687     688    0.11569       1
    689     690    0.11569       1
    690     691    0.11569       1
    691    1027    0.11569       1
    692     694    0.11569       1
    692     693    0.11569       1
    694     695    0.11569       1
    697     699    0.11569       1
    699     700    0.11569       1
    699     702    0.11569       1
    702     703    0.11569       1
    703     704    1.00000       0
    703    1840    0.11569       1
    704     705    1.00000       0
    705     706    1.00000       0
    710     712    0.11569       1
    712     713    0.11569       1
    712     715    0.11569       1
    715     716    0.11569       1
    716     728    0.11569       1
    718     720    0.11569       1
    718     719    0.11569       1
    720     721    0.11569       1
    720     723    0.11569       1
    723     724    0.11569       1
    724     726    0.11569       1
    724    1841    0.11569       1
    724    1844    0.11569       1
    726    1847    0.11569       1
    727     729    0.11569       1
    727     728    0.11569       1
    729     730    0.11569       1
    729     732    0.11569       1
    732     733    0.11569       1
    735    1850    0.11569       1
    735    1853    0.11569       1
    736    1846    0.11569       1
    736    1849    0.11569       1
    737    1693    0.11569       1
    737    1708    0.11569       1
    737    1843    0.11569       1
    738     739    1.00000       0
    741     743    0.11569       1
    743     744    0.11569       1
    746     748    0.11569       1
    748     749    0.11569       1
    748     751    1.00000       0
    751     752    1.00000       0
    752     753    1.00000       0
    756     758    0.11569       1
    758     759    0.11569       1
    758     761    1.00000       0
    761     762    1.00000       0
    762     763    1.00000       0
    763     764    1.00000       0
    764     765    1.00000       0
    769     771    0.11569       1
    769     770    0.11569       1
    770     996    0.11569       1
    771     772    0.11569       1
    771     774    0.11569       1
    772     773    0.11569       1
    773     993    0.11569       1
    774     775    0.11569       1
    775    1852    0.11569       1
    776    1855    0.11569       1
    781     783    0.11569       1
    783     784    0.11569       1
    783     786    1.00000       0
    786     787    1.00000       0
    787     788    1.00000       0
    791     793    0.11569       1
    791     792    0.11569       1
    792     979    0.11569       1
    793     794    0.11569       1
    793     796    0.11569       1
    796     797    1.00000       0
    796    1865    0.11569       1
    796    1868    0.11569       1
    800     802    0.11569       1
    802     803    0.11569       1
    802     805    0.11569       1
    805     806    0.11569       1
    806     807    0.11569       1
    807     808    0.11569       1
    810     812    0.11569       1
    812     813    0.11569       1
    812     815    0.11569       1
    815     816    0.11569       1
    816     818    0.11569       1
    818     819    0.11569       1
    821     823    0.11569       1
    823     824    0.11569       1
    823     826    0.11569       1
    826     827    0.11569       1
    830    1871    0.11569       1
    832    1867    0.11569       1
    833     835    0.11569       1
    835     836    0.11569       1
    835     838    1.00000       0
    838     839    1.00000       0
    842     844    0.11569       1
    844     845    0.11569       1
    844     847    0.11569       1
    847     848    0.11569       1
    847    1874    0.11569       1
    847    1877    0.11569       1
    848     849    0.11569       1
    849    1681    0.11569       1
    851     853    0.11569       1
    853     854    0.11569       1
    853     856    1.00000       0
    856     857    1.00000       0
    857     858    1.00000       0
    858     859    1.00000       0
    859     860    1.00000       0
    864     866    0.11569       1
    864     865    0.11569       1
    865    1147    0.11569       1
    866     867    0.11569       1
    866     869    0.11569       1
    869     870    0.11569       1
    871     872    0.11569       1
    872    1147    0.11569       1
    876     878    0.11569       1
    878     879    0.11569       1
    878     881    1.00000       0
    881     882    1.00000       0
    885     887    0.11569       1
    887     888    0.11569       1
    891     892    0.11569       1
    904     907    0.11569       1
    907     908    1.00000       0
    907     909    0.11569       1
    909    1880    0.11569       1
    922     925    1.00000       0
    925     926    1.00000       0
    930     931    0.11569       1
    931     932    0.11569       1
    932    1175    0.11569       1
    937     939    0.11569       1
    939     940    0.11569       1
    939     942    0.11569       1
    942    1913    0.11569       1
    943     945    0.11569       1
    945     946    0.11569       1
    945     948    0.11569       1
    948     949    0.11569       1
    949     951    0.11569       1
    951     952    0.11569       1
    952    1158    0.11569       1
    954     956    0.11569       1
    954     955    0.11569       1
    955     989    0.11569       1
    956     957    0.11569       1
    960     962    0.11569       1
    962     963    0.11569       1
    966     967    0.11569       1
    972     974    0.11569       1
    974     975    0.11569       1
    974     977    0.11569       1
    977     978    0.11569       1
    978     979    0.11569       1
    978     980    1.00000       0
    983     985    0.11569       1
    985     986    0.11569       1
    985     988    0.11569       1
    988     989    0.11569       1
    992     994    0.11569       1
    992     993    0.11569       1
    994     995    0.11569       1
    994     997    0.11569       1
    995     996    0.11569       1
    997     998    1.00000       0
    998    1000    1.00000       0
   1003    1005    0.11569       1
   1005    1006    0.11569       1
   1006    1007    0.11569       1
   1008    1010    0.11569       1
   1010    1011    0.11569       1
   1010    1013    0.11569       1
   1013    1014    0.11569       1
   1014    1015    0.11569       1
   1018    1021    0.11569       1
   1021    1022    0.11569       1
   1021    1915    0.11569       1
   1022    1023    0.11569       1
   1023    1025    0.11569       1
   1025    1027    0.11569       1
   1050    1919    0.11569       1
   1051    1925    0.11569       1
   1057    1059    0.14286       3
   1059    1928    0.14286       3
   1068    1070    0.11569       1
   1070    1071    0.11569       1
   1070    1073    0.11569       1
   1073    1076    0.11569       1
   1073    1074    1.00000       0
   1076    1931    0.11569       1
   1077    1079    0.11569       1
   1079    1080    0.11569       1
   1083    1085    0.11569       1
   1085    1086    0.11569       1
   1085    1088    0.11569       1
   1088    1089    0.11569       1
   1089    1090    0.11569       1
   1090    1091    0.11569       1
   1091    1092    0.11569       1
   1092    1095    0.11569       1
   1095    1113    0.11569       1
   1096    1098    0.11569       1
   1098    1099    0.11569       1
   1098    1101    0.11569       1
   1099    1100    0.11569       1
   1100    1132    0.11569       1
   1101    1104    0.11569       1
   1101    1102    1.00000       0
   1104    1934    0.11569       1
   1104    1798    0.11569       1
   1104    1807    0.11569       1
   1105    1107    0.11569       1
   1107    1108    0.11569       1
   1107    1110    0.11569       1
   1110    1111    0.11569       1
   1111    1112    0.11569       1
   1112    1113    0.11569       1
   1115    1117    0.11569       1
   1117    1118    0.11569       1
   1117    1120    0.11569       1
   1120    1121    0.11569       1
   1128    1810    0.11569       1
   1130    1936    0.11569       1
   1131    1133    0.11569       1
   1131    1132    0.11569       1
   1133    1134    0.11569       1
   1133    1136    0.11569       1
   1134    1135    0.11569       1
   1135    1155    0.11569       1
   1136    1137    0.11569       1
   1137    1138    0.11569       1
   1138    1921    0.11569       1
   1138    1927    0.11569       1
   1140    1142    0.11569       1
   1142    1143    0.11569       1
   1142    1145    0.11569       1
   1145    1146    0.11569       1
   1146    1147    0.11569       1
   1149    1151    0.11569       1
   1151    1152    0.11569       1
   1154    1156    0.11569       1
   1154    1155    0.11569       1
   1156    1157    0.11569       1
   1156    1159    1.00000       0
   1157    1158    0.11569       1
   1159    1160    1.00000       0
   1160    1161    1.00000       0
   1161    1162    1.00000       0
   1162    1163    1.00000       0
   1167    1169    0.11569       1
   1169    1170    0.11569       1
   1169    1172    0.11569       1
   1172    1173    0.11569       1
   1174    1175    0.11569       1
   1179    1181    0.11569       1
   1181    1182    0.11569       1
   1181    1184    0.11569       1
   1184    1186    0.11569       1
   1186    1870    0.11569       1
   1186    1873    0.11569       1
   1189    1192    0.11569       1
   1192    1193    0.11569       1
   1192    1876    0.11569       1
   1193    1879    0.11569       1
   1193    1882    0.11569       1
   1200    1690    0.11569       1
   1214    1217    0.11569       1
   1217    1218    0.11569       1
   1217    1687    0.11569       1
   1218    1219    1.00000       0
   1218    1684    0.11569       1
   1219    1220    1.00000       0
   1220    1221    1.00000       0
   1227    1230    0.14286       3
   1230    1232    0.14286       3
   1232    1930    0.14286       3
   1233    1235    0.11569       1
   1235    1236    0.11569       1
   1235    1238    0.11569       1
   1238    1239    0.11569       1
   1239    1240    0.11569       1
   1240    1241    0.11569       1
   1240    1594    0.11569       1
   1241    1242    0.11569       1
   1242    1245    0.11569       1
   1246    1248    0.11569       1
   1248    1249    0.11569       1
   1248    1251    1.00000       0
   1249    1250    0.11569       1
   1251    1252    1.00000       0
   1252    1253    1.00000       0
   1256    1258    0.11569       1
   1258    1259    0.11569       1
   1261    1263    0.11569       1
   1263    1264    0.11569       1
   1263    1266    1.00000       0
   1266    1267    1.00000       0
   1267    1268    1.00000       0
   1272    1275    1.00000       0
   1275    1276    1.00000       0
   1276    1278    1.00000       0
   1283    1286    0.11569       1
   1286    1287    1.00000       0
   1286    1288    0.11569       1
   1286    1669    0.11569       1
   1288    1666    0.11569       1
   1292    1295    0.11569       1
   1295    1296    0.11569       1
   1296    1933    0.11569       1
   1300    1303    1.00000       0
   1303    1304    1.00000       0
   1304    1305    1.00000       0
   1316    1319    0.11569       1
   1319    1320    0.11569       1
   1320    1321    0.11569       1
   1321    1322    0.11569       1
   1323    1325    0.11569       1
   1325    1326    0.11569       1
   1325    1328    0.11569       1
   1328    1329    0.11569       1
   1329    1330    0.11569       1
   1330    1332    0.11569       1
   1333    1335    0.11569       1
   1335    1336    0.11569       1
   1335    1338    1.00000       0
   1338    1339    1.00000       0
   1339    1340    1.00000       0
   1340    1341    1.00000       0
   1350    1352    0.11569       1
   1352    1353    0.11569       1
   1352    1355    0.11569       1
   1353    1354    0.11569       1
   1354    1431    0.11569       1
   1355    1356    0.11569       1
   1358    1937    0.11569       1
   1362    1364    0.11569       1
   1364    1365    0.11569       1
   1367    1369    0.11569       1
   1367    1368    0.11569       1
   1369    1370    0.11569       1
   1369    1372    1.00000       0
   1372    1373    1.00000       0
   1375    1377    0.11569       1
   1377    1378    0.11569       1
   1377    1380    1.00000       0
   1380    1381    1.00000       0
   1381    1382    1.00000       0
   1382    1383    1.00000       0
   1392    1394    0.11569       1
   1394    1395    0.11569       1
   1394    1397    0.11569       1
   1397    1398    0.11569       1
   1398    1399    0.11569       1
   1398    1400    1.00000       0
   1399    1409    0.11569       1
   1403    1405    0.11569       1
   1405    1406    0.11569       1
   1406    1407    0.11569       1
   1408    1410    0.11569       1
   1408    1409    0.11569       1
   1410    1411    0.11569       1
   1410    1413    1.00000       0
   1413    1414    1.00000       0
   1414    1415    1.00000       0
   1415    1416    1.00000       0
   1416    1417    1.00000       0
   1421    1423    0.11569       1
   1423    1424    0.11569       1
   1423    1426    0.11569       1
   1426    1429    0.11569       1
   1426    1427    1.00000       0
   1429    1786    0.11569       1
   1429    1792    0.11569       1
   1430    1432    0.11569       1
   1430    1431    0.11569       1
   1432    1433    0.11569       1
   1432    1435    1.00000       0
   1435    1436    1.00000       0
   1438    1440    0.11569       1
   1440    1441    0.11569       1
   1440    1443    0.11569       1
   1443    1444    0.11569       1
   1443    1651    0.11569       1
   1444    1445    1.00000       0
   1444    1648    0.11569       1
   1445    1446    1.00000       0
   1446    1447    1.00000       0
   1451    1453    0.11569       1
   1453    1454    0.11569       1
   1453    1456    0.11569       1
   1454    1455    0.11569       1
   1456    1457    0.11569       1
   1457    1458    1.00000       0
   1457    1940    0.11569       1
   1458    1459    1.00000       0
   1459    1460    1.00000       0
   1464    1466    0.11569       1
   1466    1467    0.11569       1
   1466    1469    0.11569       1
   1469    1470    0.11569       1
   1469    1471    0.11569       1
   1470    1472    0.11569       1
   1471    1639    0.11569       1
   1472    1645    0.11569       1
   1472    1657    0.11569       1
   1472    1939    0.11569       1
   1475    1478    0.11569       1
   1478    1481    0.11569       1
   1478    1479    1.00000       0
   1481    1942    0.11569       1
   1494    1495    0.14286       2
   1499    1502    1.00000       0
   1502    1503    1.00000       0
   1541    1544    1.00000       0
   1544    1545    1.00000       0
   1545    1546    1.00000       0
   1586    1587    0.11569       1
   1587    1588    0.11569       1
   1592    1593    0.11569       1
   1593    1594    0.11569       1
   1637    1638    0.11569       1
   1638    1639    0.11569       1
   1640    1641    0.11569       1
   1641    1642    0.11569       1
   1643    1644    0.11569       1
   1644    1645    0.11569       1
   1646    1647    0.11569       1
   1647    1648    0.11569       1
   1649    1650    0.11569       1
   1650    1651    0.11569       1
   1652    1653    0.11569       1
   1653    1654    0.11569       1
   1655    1656    0.11569       1
   1656    1657    0.11569       1
   1664    1665    0.11569       1
   1665    1666    0.11569       1
   1667    1668    0.11569       1
   1668    1669    0.11569       1
   1679    1680    0.11569       1
   1680    1681    0.11569       1
   1682    1683    0.11569       1
   1683    1684    0.11569       1
   1685    1686    0.11569       1
   1686    1687    0.11569       1
   1688    1689    0.11569       1
   1689    1690    0.11569       1
   1691    1692    0.11569       1
   1692    1693    0.11569       1
   1706    1707    0.11569       1
   1707    1708    0.11569       1
   1739    1740    0.11569       1
   1740    1741    0.11569       1
   1742    1743    0.11569       1
   1743    1744    0.11569       1
   1745    1746    0.11569       1
   1746    1747    0.11569       1
   1751    1752    0.11569       1
   1752    1753    0.11569       1
   1754    1755    0.11569       1
   1755    1756    0.11569       1
   1784    1785    0.11569       1
   1785    1786    0.11569       1
   1787    1788    0.11569       1
   1788    1789    0.11569       1
   1790    1791    0.11569       1
   1791    1792    0.11569       1
   1796    1797    0.11569       1
   1797    1798    0.11569       1
   1805    1806    0.11569       1
   1806    1807    0.11569       1
   1808    1809    0.11569       1
   1809    1810    0.11569       1
   1832    1833    0.11569       1
   1833    1834    0.11569       1
   1835    1836    0.11569       1
   1836    1837    0.11569       1
   1838    1839    0.11569       1
   1839    1840    0.11569       1
   1841    1842    0.11569       1
   1842    1843    0.11569       1
   1844    1845    0.11569       1
   1845    1846    0.11569       1
   1847    1848    0.11569       1
   1848    1849    0.11569       1
   1850    1851    0.11569       1
   1851    1852    0.11569       1
   1853    1854    0.11569       1
   1854    1855    0.11569       1
   1865    1866    0.11569       1
   1866    1867    0.11569       1
   1868    1869    0.11569       1
   1869    1870    0.11569       1
   1871    1872    0.11569       1
   1872    1873    0.11569       1
   1874    1875    0.11569       1
   1875    1876    0.11569       1
   1877    1878    0.11569       1
   1878    1879    0.11569       1
   1880    1881    0.11569       1
   1881    1882    0.11569       1
   1913    1914    0.11569       1
   1914    1915    0.11569       1
   1919    1920    0.11569       1
   1920    1921    0.11569       1
   1925    1926    0.11569       1
   1926    1927    0.11569       1
   1928    1929    0.14286       3
   1929    1930    0.14286       3
   1931    1932    0.11569       1
   1932    1933    0.11569       1
   1934    1935    0.11569       1
   1935    1936    0.11569       1
   1937    1938    0.11569       1
   1938    1939    0.11569       1
   1940    1941    0.11569       1
   1941    1942    0.11569       1
      1       2    1.00000       0
      1       3    1.00000       0
      1       4    1.00000       0
      6       7    1.00000       0
     12      13    1.00000       0
     15      16    1.00000       0
     17      18    1.00000       0
     17      19    1.00000       0
     20      21    1.00000       0
     23      24    1.00000       0
     26      27    1.00000       0
     28      29    1.00000       0
     28      30    1.00000       0
     44      45    1.00000       0
     52      53    1.00000       0
     52      54    1.00000       0
     58      59    1.00000       0
     99     102    1.00000       0
    106     107    1.00000       0
    114     115    1.00000       0
    117     118    1.00000       0
    117     119    1.00000       0
    120     121    1.00000       0
    123     124    1.00000       0
    125     126    1.00000       0
    132     133    1.00000       0
    132     134    1.00000       0
    137     138    1.00000       0
    145     146    1.00000       0
    148     149    1.00000       0
    151     152    1.00000       0
    156     157    1.00000       0
    159     160    1.00000       0
    167     168    1.00000       0
    167     169    1.00000       0
    170     171    1.00000       0
    187     188    1.00000       0
    208     209    1.00000       0
    208     210    1.00000       0
    214     215    1.00000       0
    232     233    1.00000       0
    235     236    1.00000       0
    238     239    1.00000       0
    241     242    1.00000       0
    244     245    1.00000       0
    244     246    1.00000       0
    247     248    1.00000       0
    256     257    1.00000       0
    256     258    1.00000       0
    256     259    1.00000       0
    265     266    1.00000       0
    275     276    1.00000       0
    284     285    1.00000       0
    284     286    1.00000       0
    284     287    1.00000       0
    299     302    1.00000       0
    321     323    1.00000       0
    339     340    1.00000       0
    356     357    1.00000       0
    355     358    1.00000       0
    365     366    1.00000       0
    368     369    1.00000       0
    371     372    1.00000       0
    376     377    1.00000       0
    379     380    1.00000       0
    382     383    1.00000       0
    385     386    1.00000       0
    388     389    1.00000       0
    393     394    1.00000       0
    400     401    1.00000       0
    403     404    1.00000       0
    409     410    1.00000       0
    409     411    1.00000       0
    409     412    1.00000       0
    413     414    1.00000       0
    416     417    1.00000       0
    418     419    1.00000       0
    421     422    1.00000       0
    430     431    1.00000       0
    433     434    1.00000       0
    449     450    1.00000       0
    452     453    1.00000       0
    458     460    1.00000       0
    458     461    1.00000       0
    465     466    1.00000       0
    473     474    1.00000       0
    475     476    1.00000       0
    478     479    1.00000       0
    480     481    1.00000       0
    485     486    1.00000       0
    494     495    1.00000       0
    497     498    1.00000       0
    504     505    1.00000       0
    506     507    1.00000       0
    514     515    1.00000       0
    517     518    1.00000       0
    520     521    1.00000       0
    520     522    1.00000       0
    535     536    1.00000       0
    537     539    1.00000       0
    538     540    1.00000       0
    543     544    1.00000       0
    551     552    1.00000       0
    553     554    1.00000       0
    565     566    1.00000       0
    572     573    1.00000       0
    584     585    1.00000       0
    590     591    1.00000       0
    590     592    1.00000       0
    598     599    1.00000       0
    603     604    1.00000       0
    606     607    1.00000       0
    612     613    1.00000       0
    615     616    1.00000       0
    624     625    1.00000       0
    627     628    1.00000       0
    630     631    1.00000       0
    636     637    1.00000       0
    641     642    1.00000       0
    644     645    1.00000       0
    644     646    1.00000       0
    647     648    1.00000       0
    647     649    1.00000       0
    650     651    1.00000       0
    653     654    1.00000       0
    660     661    1.00000       0
    662     663    1.00000       0
    665     666    1.00000       0
    670     671    1.00000       0
    670     672    1.00000       0
    673     674    1.00000       0
    676     677    1.00000       0
    681     682    1.00000       0
    684     685    1.00000       0
    683     686    1.00000       0
    695     696    1.00000       0
    697     698    1.00000       0
    700     701    1.00000       0
    706     707    1.00000       0
    706     708    1.00000       0
    706     709    1.00000       0
    710     711    1.00000       0
    713     714    1.00000       0
    716     717    1.00000       0
    721     722    1.00000       0
    723     725    1.00000       0
    730     731    1.00000       0
    739     740    1.00000       0
    741     742    1.00000       0
    744     745    1.00000       0
    746     747    1.00000       0
    749     750    1.00000       0
    753     754    1.00000       0
    753     755    1.00000       0
    756     757    1.00000       0
    759     760    1.00000       0
    765     766    1.00000       0
    765     767    1.00000       0
    765     768    1.00000       0
    781     782    1.00000       0
    784     785    1.00000       0
    788     789    1.00000       0
    788     790    1.00000       0
    794     795    1.00000       0
    797     798    1.00000       0
    797     799    1.00000       0
    800     801    1.00000       0
    803     804    1.00000       0
    807     809    1.00000       0
    810     811    1.00000       0
    813     814    1.00000       0
    816     817    1.00000       0
    818     820    1.00000       0
    821     822    1.00000       0
    824     825    1.00000       0
    833     834    1.00000       0
    836     837    1.00000       0
    838     840    1.00000       0
    839     841    1.00000       0
    842     843    1.00000       0
    845     846    1.00000       0
    848     850    1.00000       0
    851     852    1.00000       0
    854     855    1.00000       0
    860     861    1.00000       0
    860     862    1.00000       0
    860     863    1.00000       0
    867     868    1.00000       0
    876     877    1.00000       0
    879     880    1.00000       0
    882     883    1.00000       0
    881     884    1.00000       0
    885     886    1.00000       0
    888     889    1.00000       0
    892     893    1.00000       0
    902     903    1.00000       0
    908     910    1.00000       0
    926     927    1.00000       0
    935     936    1.00000       0
    937     938    1.00000       0
    940     941    1.00000       0
    943     944    1.00000       0
    946     947    1.00000       0
    949     950    1.00000       0
    951     953    1.00000       0
    957     958    1.00000       0
    956     959    1.00000       0
    960     961    1.00000       0
    963     964    1.00000       0
    967     968    1.00000       0
    972     973    1.00000       0
    975     976    1.00000       0
    980     981    1.00000       0
    980     982    1.00000       0
    983     984    1.00000       0
    986     987    1.00000       0
    989     990    1.00000       0
    988     991    1.00000       0
    998     999    1.00000       0
   1000    1001    1.00000       0
   1000    1002    1.00000       0
   1003    1004    1.00000       0
   1008    1009    1.00000       0
   1016    1017    1.00000       0
   1019    1020    1.00000       0
   1023    1024    1.00000       0
   1025    1026    1.00000       0
   1071    1072    1.00000       0
   1074    1075    1.00000       0
   1077    1078    1.00000       0
   1080    1081    1.00000       0
   1079    1082    1.00000       0
   1083    1084    1.00000       0
   1086    1087    1.00000       0
   1092    1093    1.00000       0
   1092    1094    1.00000       0
   1096    1097    1.00000       0
   1102    1103    1.00000       0
   1105    1106    1.00000       0
   1108    1109    1.00000       0
   1112    1114    1.00000       0
   1115    1116    1.00000       0
   1118    1119    1.00000       0
   1124    1125    1.00000       0
   1137    1139    1.00000       0
   1140    1141    1.00000       0
   1143    1144    1.00000       0
   1146    1148    1.00000       0
   1149    1150    1.00000       0
   1152    1153    1.00000       0
   1163    1164    1.00000       0
   1163    1165    1.00000       0
   1163    1166    1.00000       0
   1167    1168    1.00000       0
   1170    1171    1.00000       0
   1179    1180    1.00000       0
   1184    1185    1.00000       0
   1187    1188    1.00000       0
   1190    1191    1.00000       0
   1192    1194    1.00000       0
   1207    1208    1.00000       0
   1221    1222    1.00000       0
   1221    1223    1.00000       0
   1221    1224    1.00000       0
   1228    1229    1.00000       0
   1230    1231    1.00000       0
   1236    1237    1.00000       0
   1242    1243    1.00000       0
   1242    1244    1.00000       0
   1246    1247    1.00000       0
   1253    1254    1.00000       0
   1253    1255    1.00000       0
   1256    1257    1.00000       0
   1259    1260    1.00000       0
   1261    1262    1.00000       0
   1268    1269    1.00000       0
   1270    1271    1.00000       0
   1276    1277    1.00000       0
   1278    1279    1.00000       0
   1278    1280    1.00000       0
   1281    1282    1.00000       0
   1287    1289    1.00000       0
   1290    1291    1.00000       0
   1295    1297    1.00000       0
   1301    1302    1.00000       0
   1305    1306    1.00000       0
   1305    1307    1.00000       0
   1311    1312    1.00000       0
   1310    1313    1.00000       0
   1317    1318    1.00000       0
   1326    1327    1.00000       0
   1330    1331    1.00000       0
   1333    1334    1.00000       0
   1336    1337    1.00000       0
   1341    1342    1.00000       0
   1344    1345    1.00000       0
   1344    1346    1.00000       0
   1347    1348    1.00000       0
   1347    1349    1.00000       0
   1350    1351    1.00000       0
   1362    1363    1.00000       0
   1365    1366    1.00000       0
   1370    1371    1.00000       0
   1373    1374    1.00000       0
   1375    1376    1.00000       0
   1378    1379    1.00000       0
   1383    1384    1.00000       0
   1386    1387    1.00000       0
   1386    1388    1.00000       0
   1389    1390    1.00000       0
   1389    1391    1.00000       0
   1392    1393    1.00000       0
   1395    1396    1.00000       0
   1400    1401    1.00000       0
   1400    1402    1.00000       0
   1403    1404    1.00000       0
   1411    1412    1.00000       0
   1417    1418    1.00000       0
   1417    1419    1.00000       0
   1417    1420    1.00000       0
   1421    1422    1.00000       0
   1424    1425    1.00000       0
   1427    1428    1.00000       0
   1433    1434    1.00000       0
   1436    1437    1.00000       0
   1438    1439    1.00000       0
   1441    1442    1.00000       0
   1447    1448    1.00000       0
   1447    1449    1.00000       0
   1447    1450    1.00000       0
   1451    1452    1.00000       0
   1460    1461    1.00000       0
   1460    1462    1.00000       0
   1460    1463    1.00000       0
   1464    1465    1.00000       0
   1479    1480    1.00000       0
   1493    1496    1.00000       0
   1497    1498    1.00000       0
   1503    1504    1.00000       0
   1503    1505    1.00000       0
   1506    1507    1.00000       0
   1509    1510    1.00000       0
   1513    1514    1.00000       0
   1518    1519    1.00000       0
   1521    1522    1.00000       0
   1527    1528    1.00000       0
   1533    1534    1.00000       0
   1546    1547    1.00000       0
   1546    1548    1.00000       0
   1542    1549    1.00000       0
   1550    1551    1.00000       0
   1550    1552    1.00000       0
   1553    1554    1.00000       0
   1553    1555    1.00000       0
   1556    1557    1.00000       0
   1556    1558    1.00000       0
   1559    1560    1.00000       0
   1559    1561    1.00000       0
   1562    1563    1.00000       0
   1562    1564    1.00000       0
   1565    1566    1.00000       0
   1565    1567    1.00000       0
   1568    1569    1.00000       0
   1568    1570    1.00000       0
   1571    1572    1.00000       0
   1571    1573    1.00000       0
   1574    1575    1.00000       0
   1574    1576    1.00000       0
   1577    1578    1.00000       0
   1577    1579    1.00000       0
   1580    1581    1.00000       0
   1580    1582    1.00000       0
   1583    1584    1.00000       0
   1583    1585    1.00000       0
      6      12    0.00000    -105
     15      20    0.00000    -104
     23      31    0.00000      -1
    106     111    0.00000    -103
    114     120    0.00000    -102
    123     125    0.00000    -101
    166     167    0.00000      -1
    223     232    0.00000    -100
    226     227    0.00000     -12
    226     228    0.00000     -12
    227     229    0.00000     -12
    228     230    0.00000     -12
    229     231    0.00000     -12
    230     231    0.00000     -12
    235     238    0.00000     -99
    241     247    0.00000     -98
    250     260    0.00000     -97
    327     328    0.00000      -1
    328     375    0.00000      -1
    362     368    0.00000      -1
    368     370    0.00000      -1
    370     371    0.00000      -1
    370     373    0.00000      -1
    371     376    0.00000      -1
    373     374    0.00000      -1
    374     375    0.00000      -1
    376     378    0.00000      -1
    378     379    0.00000      -1
    378     381    0.00000      -1
    379     385    0.00000      -1
    381     384    0.00000      -1
    381     382    0.00000      -1
    382     391    0.00000      -1
    384    1748    0.00000      -1
    385     387    0.00000      -1
    387     388    0.00000      -1
    388     390    0.00000      -1
    390     392    0.00000      -1
    390     391    0.00000      -1
    392     395    0.00000      -1
    393     400    0.00000     -96
    395     396    0.00000      -1
    396     397    0.00000      -1
    403     413    0.00000     -95
    416     418    0.00000     -94
    421     430    0.00000     -93
    424     425    0.00000      -7
    424     426    0.00000      -7
    425     427    0.00000      -7
    426     428    0.00000      -7
    427     429    0.00000      -7
    428     429    0.00000      -7
    433     435    0.00000      -1
    446     447    0.00000      -1
    447     448    0.00000      -1
    448    1012    0.00000      -1
    485     494    0.00000     -92
    488    1766    0.00000      -1
    489    1769    0.00000      -1
    491    1772    0.00000      -1
    497     506    0.00000     -91
    509     523    0.00000     -90
    514     516    0.00000     -11
    516     517    0.00000     -11
    516     520    0.00000     -11
    526     532    0.00000     -89
    535     541    0.00000     -16
    543     548    0.00000     -88
    551     553    0.00000     -87
    593     595    0.00000      -1
    595     596    0.00000      -1
    596     597    0.00000      -1
    596     598    0.00000      -1
    597    1029    0.00000      -1
    601     603    0.00000     -86
    606     612    0.00000     -85
    615     624    0.00000     -84
    618     619    0.00000      -6
    618     620    0.00000      -6
    619     621    0.00000      -6
    620     622    0.00000      -6
    621     623    0.00000      -6
    622     623    0.00000      -6
    627     633    0.00000     -83
    636     650    0.00000     -82
    641     643    0.00000     -10
    643     644    0.00000     -10
    643     647    0.00000     -10
    653     662    0.00000     -81
    665     673    0.00000     -80
    676     678    0.00000     -79
    681     687    0.00000     -78
    690     692    0.00000     -77
    695     697    0.00000     -76
    700     710    0.00000     -75
    713     718    0.00000     -74
    721     727    0.00000     -73
    730     741    0.00000     -72
    733     734    0.00000      -4
    733     735    0.00000      -4
    734     736    0.00000      -4
    735     737    0.00000      -4
    736     738    0.00000      -4
    737     738    0.00000      -4
    744     746    0.00000     -71
    749     756    0.00000     -70
    759     769    0.00000     -69
    772     781    0.00000     -68
    775     776    0.00000      -3
    775     777    0.00000      -3
    776     778    0.00000      -3
    776    1856    0.00000      -3
    777     779    0.00000      -3
    778     780    0.00000      -3
    778    1859    0.00000      -3
    779     780    0.00000      -3
    780    1862    0.00000      -3
    784     791    0.00000     -67
    794     800    0.00000     -66
    803     810    0.00000     -65
    813     821    0.00000     -64
    824     833    0.00000     -63
    827     828    0.00000     -15
    827     829    0.00000     -15
    828     830    0.00000     -15
    829     831    0.00000     -15
    830     832    0.00000     -15
    831     832    0.00000     -15
    836     842    0.00000     -62
    845     851    0.00000     -61
    854     864    0.00000     -60
    867     876    0.00000     -59
    879     885    0.00000     -58
    888     890    0.00000     -14
    892     897    0.00000      -1
    931     937    0.00000     -57
    940     943    0.00000     -56
    946     954    0.00000     -55
    957     960    0.00000     -54
    963     965    0.00000     -13
    967     972    0.00000     -53
    975     983    0.00000     -52
    986     992    0.00000     -51
    995    1003    0.00000     -50
    997    1858    0.00000      -3
    997    1861    0.00000      -3
    997    1864    0.00000      -3
   1006    1008    0.00000     -49
   1011    1012    0.00000      -1
   1011    1016    0.00000      -1
   1016    1018    0.00000      -1
   1018    1019    0.00000      -1
   1019    1028    0.00000      -1
   1028    1030    0.00000      -1
   1028    1029    0.00000      -1
   1071    1077    0.00000     -48
   1080    1083    0.00000     -47
   1086    1096    0.00000     -46
   1099    1105    0.00000     -45
   1108    1115    0.00000     -44
   1118    1131    0.00000     -43
   1134    1140    0.00000     -42
   1143    1149    0.00000     -41
   1152    1154    0.00000     -40
   1157    1167    0.00000     -39
   1170    1179    0.00000     -38
   1236    1246    0.00000     -37
   1249    1256    0.00000     -36
   1259    1261    0.00000     -35
   1264    1265    0.00000      -2
   1264    1270    0.00000      -2
   1265    1299    0.00000      -2
   1270    1272    0.00000      -2
   1272    1273    0.00000      -2
   1273    1274    0.00000      -2
   1273    1281    0.00000      -2
   1274    1309    0.00000      -2
   1281    1283    0.00000      -2
   1283    1284    0.00000      -2
   1284    1285    0.00000      -2
   1284    1290    0.00000      -2
   1285    1315    0.00000      -2
   1290    1292    0.00000      -2
   1292    1293    0.00000      -2
   1293    1294    0.00000      -2
   1293    1298    0.00000      -2
   1294    1324    0.00000      -2
   1298    1300    0.00000      -2
   1298    1299    0.00000      -2
   1300    1301    0.00000      -2
   1301    1308    0.00000      -2
   1308    1310    0.00000      -2
   1308    1309    0.00000      -2
   1310    1311    0.00000      -2
   1311    1314    0.00000      -2
   1314    1316    0.00000      -2
   1314    1315    0.00000      -2
   1316    1317    0.00000      -2
   1317    1323    0.00000      -2
   1322    1768    0.00000      -1
   1322    1771    0.00000      -1
   1322    1774    0.00000      -1
   1323    1324    0.00000      -2
   1326    1333    0.00000     -34
   1336    1350    0.00000     -33
   1341    1343    0.00000      -9
   1343    1344    0.00000      -9
   1343    1347    0.00000      -9
   1353    1362    0.00000     -32
   1356    1357    0.00000     -17
   1356    1358    0.00000     -17
   1357    1359    0.00000     -17
   1358    1360    0.00000     -17
   1359    1361    0.00000     -17
   1360    1361    0.00000     -17
   1365    1367    0.00000     -31
   1370    1375    0.00000     -30
   1378    1392    0.00000     -29
   1383    1385    0.00000      -8
   1385    1386    0.00000      -8
   1385    1389    0.00000      -8
   1395    1403    0.00000     -28
   1406    1408    0.00000     -27
   1411    1421    0.00000     -26
   1424    1430    0.00000     -25
   1433    1438    0.00000     -24
   1441    1451    0.00000     -23
   1454    1464    0.00000     -22
   1523    1750    0.00000      -1
   1748    1749    0.00000      -1
   1749    1750    0.00000      -1
   1766    1767    0.00000      -1
   1767    1768    0.00000      -1
   1769    1770    0.00000      -1
   1770    1771    0.00000      -1
   1772    1773    0.00000      -1
   1773    1774    0.00000      -1
   1856    1857    0.00000      -3
   1857    1858    0.00000      -3
   1859    1860    0.00000      -3
   1860    1861    0.00000      -3
   1862    1863    0.00000      -3
   1863    1864    0.00000      -3
