  668
 1301
  963
  601
 1112
  854
 1503
 1330
  676
 1276
  744
  478
 1118
  784
  339
  421
  949
 1570
  797
  816
  609
 1019
  609
  214
  788
  807
  397
  244
 1108
  609
 1311
 1326
   26
  184
  208
  397
 1259
  535
  873
  867
  772
  106
  503
  797
  788
 1411
 1023
  356
 1259
  327
  244
  278
  388
  438
  356
  797
  223
 1370
 1317
 1441
  310
   58
  744
  535
  117
   85
  208
  339
 1134
  535
 1006
 1542
  381
 1080
 1011
 1542
 1134
  609
   82
  715
  278
  845
  478
 1099
 1561
  291
  609
 1293
   41
 1273
  797
 1198
  291
  963
  807
  998
  845
 1406
  995
  784
  690
 1210
  936
 1284
  526
 1581
  327
  316
  596
  772
 1330
 1157
  250
  556
  310
  362
 1264
   85
 1476
 1353
 1579
 1031
  978
  629
 1190
  128
 1146
  807
  931
  270
  184
 1182
  192
 1055
  293
  100
   43
  668
 1516
  397
   91
  588
  900
 1570
  472
 1525
 1485
  300
   41
  816
 1064
  923
 1043
 1549
  601
  319
 1249
  438
  914
  577
  176
 1500
 1454
 1170
   50
  306
  905
  509
   70
  568
 1467
 1558
  204
  988
   33
 1494
 1398
 1073
 1215
  263
  223
 1564
  154
  470
 1567
   85
  397
  397
   85
 1112
  310
 1146
  310
