 3108
 2120
  531
  411
 1392
 1430
 2955
 1974
  129
 2974
 2020
   23
 2993
 1586
 3116
 1545
 1692
 2337
  454
 2109
 2793
  457
 2020
 2020
 2503
  457
 2606
 1553
 2941
  414
 1253
 1230
  257
 1347
 1392
 2910
 1054
  457
 1955
 1853
 2503
 2702
 1139
  392
  774
 2617
 2370
  235
  915
 2094
 2602
 3011
 2816
 2478
 2728
 1448
 1977
 2438
 1765
 1165
 1279
 2974
 1354
 1820
  216
 2583
 2020
 1779
 1798
 2842
  478
 1534
 1381
 2944
  202
 2519
 2917
  807
 1354
 1043
  982
  875
    3
  531
  480
 1158
 1988
  834
 1039
 2545
 2454
 2917
 1749
 3097
 2721
 2777
 1309
 1632
 1090
 1566
 1295
 1347
 2071
 2910
  425
 1889
 1599
 2043
 1498
   69
   36
 3094
  457
  781
 1214
 1020
 2041
 1512
 1411
 2495
 2891
  891
  186
 2653
  290
  153
 1531
 3061
 2311
 1716
 2692
 2758
  363
 2858
 2236
 1328
 2872
  932
 2272
 2397
 1926
 2007
  348
 1911
 1936
  508
 1195
 1179
  673
  709
  326
 2109
 2109
  492
 3075
 1129
 2020
  444
  748
  373
 2055
 2861
 1298
 2742
 2020
 2109
  457
 2020
  457
  457
